0.000	0.000	0.000	0.000
0.000	0.000	0.000	0.000
0.000	0.000	0.000	0.000
0.000	0.000	0.000	0.000
0.000	0.000	0.000	0.000
0.000	0.000	0.000	0.000
0.000	0.000	0.000	0.000
0.000	0.000	0.000	0.000
0.000	0.000	0.000	0.000
0.000	0.000	0.000	0.000
0.000	0.000	0.000	0.000
0.000	0.000	0.000	0.000
0.000	0.000	0.000	0.000
0.000	0.000	0.000	0.000
0.000	0.000	0.000	0.000
0.000	0.000	0.000	0.000
0.000	0.000	0.000	0.000
0.000	0.000	0.000	0.000
0.000	0.000	0.000	0.000
0.000	0.000	0.000	0.000
0.000	0.000	0.000	0.000
293.082	128.530	0.500	0.064
293.083	129.237	0.500	0.065
293.081	129.665	0.500	0.065
293.082	129.052	0.500	0.065
293.083	128.939	0.500	0.064
293.084	129.344	0.500	0.065
293.084	128.918	0.500	0.064
293.084	129.247	0.500	0.065
293.084	128.744	0.500	0.064
293.085	130.164	0.500	0.065
293.086	129.642	0.500	0.065
293.085	129.913	0.500	0.065
293.085	129.896	0.500	0.065
293.086	128.985	0.500	0.064
293.086	129.793	0.500	0.065
293.086	129.022	0.500	0.065
293.087	128.623	0.500	0.064
293.087	129.906	0.500	0.065
293.088	130.637	0.500	0.065
293.082	130.445	0.500	0.065
292.700	128.761	0.500	0.064
291.909	128.942	0.500	0.064
290.994	128.456	0.500	0.064
290.042	127.896	0.500	0.064
289.077	127.367	0.500	0.064
288.116	127.776	0.500	0.064
287.165	128.225	0.500	0.064
286.224	127.122	0.500	0.064
285.290	127.239	0.500	0.064
284.368	127.360	0.500	0.064
283.459	125.662	0.500	0.063
282.554	125.920	0.500	0.063
281.598	125.377	0.500	0.063
280.754	126.023	0.500	0.063
279.859	125.732	0.500	0.063
278.970	124.204	0.500	0.062
278.086	125.092	0.500	0.063
277.204	123.823	0.500	0.062
276.325	124.566	0.500	0.062
275.448	123.213	0.500	0.062
274.573	122.774	0.500	0.061
273.698	123.226	0.500	0.062
272.832	122.415	0.500	0.061
271.968	122.617	0.500	0.061
271.104	122.794	0.500	0.061
270.240	122.020	0.500	0.061
269.377	120.911	0.500	0.060
268.518	120.309	0.500	0.060
267.659	121.518	0.500	0.061
266.792	119.645	0.500	0.060
265.929	120.118	0.500	0.060
265.074	119.840	0.500	0.060
264.221	120.416	0.500	0.060
263.373	119.046	0.500	0.060
262.531	118.841	0.500	0.059
261.691	117.927	0.500	0.059
260.801	118.057	0.500	0.059
260.011	117.843	0.500	0.059
259.175	117.414	0.500	0.059
258.343	117.280	0.500	0.059
257.511	117.401	0.500	0.059
256.682	116.667	0.500	0.058
255.851	117.263	0.500	0.059
255.020	116.269	0.500	0.058
254.188	117.150	0.500	0.059
253.357	115.914	0.500	0.058
252.522	116.570	0.500	0.058
251.687	115.706	0.500	0.058
250.853	114.630	0.500	0.057
250.019	115.579	0.500	0.058
249.182	113.796	0.500	0.057
248.343	113.136	0.500	0.057
247.505	113.732	0.500	0.057
246.664	113.686	0.500	0.057
245.807	113.893	0.500	0.057
244.966	112.526	0.500	0.056
244.124	113.150	0.500	0.057
243.282	111.532	0.500	0.056
242.453	112.125	0.500	0.056
241.609	111.515	0.500	0.056
240.767	111.113	0.500	0.056
239.922	112.962	0.500	0.056
239.079	111.197	0.500	0.056
238.233	110.942	0.500	0.055
237.386	110.554	0.500	0.055
236.526	109.297	0.500	0.055
235.676	109.632	0.500	0.055
234.826	108.523	0.500	0.054
233.977	109.361	0.500	0.055
233.128	110.235	0.500	0.055
232.277	107.612	0.500	0.054
231.426	109.009	0.500	0.055
230.574	108.520	0.500	0.054
229.724	107.354	0.500	0.054
228.884	108.152	0.500	0.054
228.021	108.165	0.500	0.054
227.171	108.845	0.500	0.054
226.319	108.115	0.500	0.054
225.461	105.676	0.500	0.053
224.603	106.313	0.500	0.053
223.745	105.003	0.500	0.053
222.888	106.570	0.500	0.053
222.030	106.152	0.500	0.053
221.168	106.142	0.500	0.053
220.306	106.122	0.500	0.053
219.442	105.515	0.500	0.053
218.579	104.886	0.500	0.052
217.713	105.003	0.500	0.053
216.844	103.683	0.500	0.052
215.974	104.433	0.500	0.052
215.102	103.763	0.500	0.052
214.230	103.646	0.500	0.052
213.354	103.341	0.500	0.052
212.482	104.075	0.500	0.052
211.605	102.785	0.500	0.051
210.728	103.321	0.500	0.052
209.851	103.057	0.500	0.052
208.974	102.755	0.500	0.051
208.095	101.763	0.500	0.051
207.214	103.020	0.500	0.052
206.333	102.189	0.500	0.051
205.452	102.105	0.500	0.051
204.571	100.621	0.500	0.050
203.689	101.633	0.500	0.051
202.804	100.939	0.500	0.050
201.919	100.856	0.500	0.050
201.035	102.048	0.500	0.051
200.152	98.447	0.500	0.049
199.265	99.549	0.500	0.050
198.379	100.323	0.500	0.050
197.489	99.295	0.500	0.050
196.601	98.953	0.500	0.049
195.712	98.497	0.500	0.049
194.823	98.457	0.500	0.049
193.932	99.010	0.500	0.050
193.040	98.387	0.500	0.049
192.146	96.756	0.500	0.048
191.239	97.750	0.500	0.049
190.345	98.725	0.500	0.049
189.452	98.025	0.500	0.049
188.557	96.856	0.500	0.048
187.661	97.151	0.500	0.049
186.766	97.328	0.500	0.049
185.870	97.117	0.500	0.049
184.971	97.352	0.500	0.049
184.072	96.186	0.500	0.048
183.175	96.400	0.500	0.048
182.276	96.427	0.500	0.048
181.374	95.938	0.500	0.048
180.471	97.004	0.500	0.049
179.567	94.756	0.500	0.047
178.663	95.610	0.500	0.048
177.758	95.315	0.500	0.048
176.852	94.675	0.500	0.047
175.946	94.347	0.500	0.047
175.038	93.801	0.500	0.047
174.129	94.223	0.500	0.047
173.216	94.203	0.500	0.047
172.303	93.469	0.500	0.047
171.387	93.620	0.500	0.047
170.473	93.399	0.500	0.047
169.557	94.213	0.500	0.047
168.638	92.561	0.500	0.046
167.721	93.155	0.500	0.047
166.802	92.263	0.500	0.046
165.881	91.858	0.500	0.046
164.962	94.230	0.500	0.047
164.039	92.702	0.500	0.046
163.117	91.460	0.500	0.046
162.193	91.001	0.500	0.046
161.270	89.972	0.500	0.045
160.346	92.394	0.500	0.046
159.420	91.533	0.500	0.046
158.495	90.361	0.500	0.045
157.569	91.396	0.500	0.046
156.626	90.947	0.500	0.045
155.694	90.290	0.500	0.045
154.765	89.114	0.500	0.045
153.832	90.411	0.500	0.045
152.898	90.716	0.500	0.045
151.977	88.425	0.500	0.044
151.027	89.805	0.500	0.045
150.088	90.056	0.500	0.045
149.146	90.394	0.500	0.045
148.202	88.853	0.500	0.044
147.254	88.987	0.500	0.044
146.305	88.763	0.500	0.044
145.369	87.322	0.500	0.044
144.403	89.741	0.500	0.045
143.451	88.971	0.500	0.044
142.495	87.135	0.500	0.044
141.537	86.960	0.500	0.043
140.578	87.560	0.500	0.044
139.618	87.051	0.500	0.044
138.612	86.927	0.500	0.043
137.704	86.907	0.500	0.043
136.723	85.889	0.500	0.043
135.756	88.847	0.500	0.044
134.787	86.538	0.500	0.043
133.816	86.900	0.500	0.043
132.843	86.029	0.500	0.043
131.867	85.664	0.500	0.043
130.889	84.669	0.500	0.042
129.911	85.346	0.500	0.043
128.928	84.730	0.500	0.042
127.944	86.116	0.500	0.043
126.957	85.071	0.500	0.043
125.968	85.269	0.500	0.043
124.975	85.426	0.500	0.043
123.974	84.957	0.500	0.042
122.966	83.768	0.500	0.042
121.957	84.375	0.500	0.042
120.947	83.745	0.500	0.042
119.932	82.854	0.500	0.041
118.910	82.787	0.500	0.041
117.884	82.465	0.500	0.041
116.853	83.507	0.500	0.042
115.820	84.080	0.500	0.042
114.778	82.365	0.500	0.041
113.736	82.794	0.500	0.041
112.687	81.943	0.500	0.041
111.630	81.577	0.500	0.041
110.571	82.643	0.500	0.041
109.507	81.722	0.500	0.041
108.439	83.289	0.500	0.042
107.365	82.720	0.500	0.041
106.286	83.390	0.500	0.042
105.202	81.551	0.500	0.041
104.113	80.365	0.500	0.040
103.018	81.206	0.500	0.041
101.916	80.569	0.500	0.040
100.810	81.413	0.500	0.041
99.694	82.619	0.500	0.041
98.565	82.284	0.500	0.041
97.428	81.722	0.500	0.041
96.282	82.308	0.500	0.041
95.132	83.798	0.500	0.042
93.971	85.399	0.500	0.043
92.804	85.131	0.500	0.043
91.628	87.610	0.500	0.044
90.443	90.377	0.500	0.045
89.246	91.312	0.500	0.046
88.018	92.497	0.500	0.046
86.799	93.184	0.500	0.047
85.566	93.968	0.500	0.047
84.321	93.817	0.500	0.047
83.063	93.536	0.500	0.047
81.791	93.961	0.500	0.047
80.505	93.552	0.500	0.047
79.204	94.722	0.500	0.047
77.885	94.045	0.500	0.047
76.550	92.869	0.500	0.046
75.198	93.760	0.500	0.047
73.828	93.147	0.500	0.047
72.439	92.769	0.500	0.046
71.026	94.695	0.500	0.047
69.594	94.152	0.500	0.047
68.133	92.508	0.500	0.046
66.549	92.229	0.500	0.046
65.100	93.087	0.500	0.047
63.532	92.025	0.500	0.046
61.926	91.690	0.500	0.046
60.279	91.208	0.500	0.046
58.591	90.702	0.500	0.045
56.852	90.812	0.500	0.045
55.051	90.511	0.500	0.045
53.175	91.281	0.500	0.046
51.195	90.220	0.500	0.045
49.104	88.766	0.500	0.044
46.885	88.524	0.500	0.044
44.381	87.757	0.500	0.044
41.993	87.506	0.500	0.044
39.249	85.446	0.500	0.043
36.280	85.198	0.500	0.043
33.022	85.148	0.500	0.043
29.377	84.937	0.500	0.042
25.620	83.835	0.500	0.042
22.313	84.163	0.500	0.042
19.899	81.403	0.500	0.041
18.262	77.695	0.500	0.039
16.615	75.705	0.500	0.038
15.618	75.477	0.500	0.038
14.414	73.900	0.500	0.037
14.580	73.183	0.500	0.037
13.542	72.359	0.500	0.036
12.743	71.361	0.500	0.036
11.906	70.986	0.500	0.035
11.856	71.930	0.500	0.036
12.189	70.403	0.500	0.035
12.287	69.512	0.500	0.035
12.360	70.024	0.500	0.035
11.837	69.033	0.500	0.035
11.060	69.532	0.500	0.035
10.272	69.321	0.500	0.035
9.718	69.251	0.500	0.035
9.817	69.234	0.500	0.035
10.347	67.676	0.500	0.034
10.845	68.409	0.500	0.034
10.997	68.182	0.500	0.034
10.708	67.917	0.500	0.034
10.100	69.703	0.500	0.035
9.269	68.088	0.500	0.034
8.935	68.460	0.500	0.034
9.059	69.217	0.500	0.035
9.649	67.887	0.500	0.034
8.918	67.951	0.500	0.034
9.458	68.108	0.500	0.034
10.150	68.956	0.500	0.034
10.280	67.686	0.500	0.034
10.094	67.080	0.500	0.034
9.555	68.628	0.500	0.034
8.825	68.420	0.500	0.034
8.522	69.070	0.500	0.035
8.852	69.170	0.500	0.035
9.923	68.456	0.500	0.034
9.544	68.306	0.500	0.034
9.871	68.855	0.500	0.034
9.408	68.574	0.500	0.034
8.578	66.993	0.500	0.033
8.351	67.964	0.500	0.034
8.574	67.840	0.500	0.034
9.721	68.932	0.500	0.034
9.443	68.168	0.500	0.034
9.704	67.907	0.500	0.034
9.279	68.189	0.500	0.034
8.460	68.450	0.500	0.034
8.236	69.401	0.500	0.035
8.500	68.517	0.500	0.034
9.571	68.815	0.500	0.034
9.290	67.442	0.500	0.034
9.566	68.001	0.500	0.034
9.155	68.607	0.500	0.034
8.353	67.465	0.500	0.034
8.147	68.972	0.500	0.034
8.350	66.712	0.500	0.033
8.934	68.379	0.500	0.034
9.261	68.165	0.500	0.034
9.475	67.974	0.500	0.034
9.196	68.269	0.500	0.034
8.210	69.019	0.500	0.035
8.596	68.158	0.500	0.034
8.164	68.390	0.500	0.034
8.616	69.535	0.500	0.035
9.268	67.502	0.500	0.034
9.367	67.576	0.500	0.034
9.245	66.330	0.500	0.033
8.720	67.927	0.500	0.034
8.349	68.768	0.500	0.034
8.054	67.559	0.500	0.034
8.392	67.023	0.500	0.034
9.263	67.224	0.500	0.034
8.935	68.818	0.500	0.034
9.259	68.815	0.500	0.034
8.821	67.629	0.500	0.034
8.217	68.567	0.500	0.034
7.990	67.502	0.500	0.034
8.245	68.316	0.500	0.034
9.184	68.577	0.500	0.034
8.255	67.227	0.500	0.034
9.180	68.065	0.500	0.034
9.169	68.198	0.500	0.034
9.190	67.318	0.500	0.034
8.450	67.646	0.500	0.034
8.032	68.051	0.500	0.034
7.942	67.344	0.500	0.034
7.960	67.063	0.500	0.034
8.595	67.937	0.500	0.034
8.970	68.252	0.500	0.034
8.564	67.026	0.500	0.034
8.962	68.074	0.500	0.034
8.495	68.024	0.500	0.034
8.072	69.006	0.500	0.035
7.834	67.760	0.500	0.034
8.086	68.215	0.500	0.034
8.939	67.364	0.500	0.034
8.934	68.011	0.500	0.034
9.000	69.157	0.500	0.035
8.738	67.046	0.500	0.034
7.931	68.503	0.500	0.034
7.845	68.842	0.500	0.034
7.896	68.547	0.500	0.034
8.471	67.629	0.500	0.034
8.867	67.227	0.500	0.034
8.463	67.187	0.500	0.034
8.864	68.875	0.500	0.034
8.386	67.609	0.500	0.034
8.064	66.885	0.500	0.033
7.863	68.008	0.500	0.034
8.077	68.238	0.500	0.034
7.816	67.847	0.500	0.034
8.096	66.527	0.500	0.033
8.861	68.007	0.500	0.034
8.555	68.081	0.500	0.034
8.866	67.957	0.500	0.034
8.460	67.773	0.500	0.034
7.934	67.214	0.500	0.034
7.752	68.165	0.500	0.034
7.931	66.543	0.500	0.033
8.795	67.729	0.500	0.034
8.602	66.503	0.500	0.033
8.382	67.143	0.500	0.034
8.571	67.897	0.500	0.034
