0.000	0.000	0.000	0.000
0.000	0.000	0.000	0.000
0.000	0.000	0.000	0.000
0.000	0.000	0.000	0.000
0.000	0.000	0.000	0.000
0.000	0.000	0.000	0.000
0.000	0.000	0.000	0.000
0.000	0.000	0.000	0.000
0.000	0.000	0.000	0.000
0.000	0.000	0.000	0.000
0.000	0.000	0.000	0.000
0.000	0.000	0.000	0.000
0.000	0.000	0.000	0.000
0.000	0.000	0.000	0.000
293.431	253.442	0.500	0.127
293.432	254.009	0.500	0.127
293.431	254.066	0.500	0.127
293.431	253.965	0.500	0.127
293.432	254.354	0.500	0.127
293.432	253.344	0.500	0.127
293.432	256.412	0.500	0.128
293.429	253.780	0.500	0.127
293.217	252.321	0.500	0.126
292.598	253.066	0.500	0.127
291.738	254.146	0.500	0.127
290.758	252.838	0.500	0.126
289.755	252.059	0.500	0.126
288.726	251.469	0.500	0.126
287.715	252.438	0.500	0.126
286.693	252.572	0.500	0.126
285.694	250.479	0.500	0.125
284.687	251.660	0.500	0.126
283.703	250.821	0.500	0.125
282.712	250.781	0.500	0.125
281.742	250.778	0.500	0.125
280.782	249.678	0.500	0.125
279.814	250.184	0.500	0.125
278.870	250.053	0.500	0.125
277.918	248.635	0.500	0.124
276.988	249.228	0.500	0.125
276.053	247.819	0.500	0.124
275.139	248.751	0.500	0.124
274.217	248.044	0.500	0.124
273.315	248.040	0.500	0.124
272.403	247.708	0.500	0.124
271.511	248.000	0.500	0.124
270.607	245.987	0.500	0.123
269.721	246.887	0.500	0.123
268.824	247.627	0.500	0.124
267.944	246.839	0.500	0.123
267.066	246.527	0.500	0.123
266.177	246.333	0.500	0.123
265.306	245.695	0.500	0.123
264.422	244.967	0.500	0.122
263.556	244.907	0.500	0.122
262.676	245.028	0.500	0.123
261.811	244.722	0.500	0.122
260.933	244.931	0.500	0.122
260.074	244.478	0.500	0.122
259.201	244.759	0.500	0.122
258.343	243.206	0.500	0.122
257.474	244.592	0.500	0.122
256.613	243.344	0.500	0.122
255.743	243.716	0.500	0.122
254.885	242.753	0.500	0.121
254.017	243.210	0.500	0.122
253.163	242.954	0.500	0.121
252.296	242.854	0.500	0.121
251.441	242.388	0.500	0.121
250.574	242.659	0.500	0.121
249.720	243.451	0.500	0.122
248.863	242.357	0.500	0.121
247.991	242.776	0.500	0.121
247.132	241.499	0.500	0.121
246.263	241.971	0.500	0.121
245.406	241.508	0.500	0.121
244.533	241.784	0.500	0.121
243.672	241.344	0.500	0.121
242.794	241.807	0.500	0.121
241.926	241.538	0.500	0.121
241.048	240.251	0.500	0.120
240.184	241.626	0.500	0.121
239.304	240.026	0.500	0.120
238.440	240.841	0.500	0.120
237.559	239.835	0.500	0.120
236.693	240.385	0.500	0.120
235.829	239.864	0.500	0.120
234.950	240.153	0.500	0.120
234.084	239.455	0.500	0.120
233.205	239.549	0.500	0.120
232.339	239.452	0.500	0.120
231.454	238.764	0.500	0.119
230.577	239.271	0.500	0.120
229.689	238.677	0.500	0.119
228.814	238.925	0.500	0.119
227.925	238.556	0.500	0.119
227.052	238.010	0.500	0.119
226.181	237.151	0.500	0.119
225.296	237.624	0.500	0.119
224.424	237.144	0.500	0.119
223.537	236.986	0.500	0.118
222.664	237.691	0.500	0.119
221.774	237.375	0.500	0.119
220.901	236.500	0.500	0.118
220.013	237.295	0.500	0.119
219.137	237.302	0.500	0.119
218.250	236.335	0.500	0.118
217.374	235.517	0.500	0.118
216.487	235.765	0.500	0.118
215.613	236.064	0.500	0.118
214.725	235.188	0.500	0.118
213.849	235.960	0.500	0.118
212.973	234.816	0.500	0.117
212.087	235.134	0.500	0.118
211.165	234.933	0.500	0.117
210.334	234.927	0.500	0.117
209.465	234.269	0.500	0.117
208.579	234.846	0.500	0.117
207.702	233.749	0.500	0.117
206.811	234.215	0.500	0.117
205.936	234.450	0.500	0.117
205.047	233.729	0.500	0.117
204.172	232.767	0.500	0.116
203.295	233.645	0.500	0.117
202.405	232.874	0.500	0.116
201.529	232.914	0.500	0.116
200.643	232.639	0.500	0.116
199.770	233.175	0.500	0.117
198.880	233.017	0.500	0.117
198.003	233.350	0.500	0.117
197.112	231.398	0.500	0.116
196.233	231.133	0.500	0.116
195.341	232.068	0.500	0.116
194.464	231.418	0.500	0.116
193.570	231.770	0.500	0.116
192.691	231.069	0.500	0.116
191.797	231.595	0.500	0.116
190.915	231.998	0.500	0.116
190.018	230.706	0.500	0.115
189.133	231.374	0.500	0.116
188.240	230.408	0.500	0.115
187.340	229.506	0.500	0.115
186.466	230.764	0.500	0.115
185.582	229.556	0.500	0.115
184.713	230.861	0.500	0.115
183.829	229.154	0.500	0.115
182.952	229.224	0.500	0.115
182.059	229.120	0.500	0.115
181.177	229.328	0.500	0.115
180.282	229.237	0.500	0.115
179.394	228.794	0.500	0.114
178.494	229.516	0.500	0.115
177.606	227.986	0.500	0.114
176.704	228.724	0.500	0.114
175.815	228.325	0.500	0.114
174.928	229.153	0.500	0.115
174.022	228.462	0.500	0.114
173.131	228.751	0.500	0.114
172.225	228.573	0.500	0.114
171.328	228.714	0.500	0.114
170.420	228.090	0.500	0.114
169.525	228.506	0.500	0.114
168.613	228.503	0.500	0.114
167.715	227.620	0.500	0.114
166.820	227.245	0.500	0.114
165.915	227.982	0.500	0.114
165.026	228.596	0.500	0.114
164.108	226.768	0.500	0.113
163.204	227.516	0.500	0.114
162.285	227.137	0.500	0.114
161.378	227.402	0.500	0.114
160.455	226.815	0.500	0.113
159.547	227.520	0.500	0.114
158.624	226.842	0.500	0.113
157.714	227.160	0.500	0.114
156.791	226.701	0.500	0.113
155.883	226.654	0.500	0.113
154.959	225.990	0.500	0.113
154.051	226.057	0.500	0.113
153.130	227.365	0.500	0.114
152.221	226.503	0.500	0.113
151.309	226.996	0.500	0.113
150.385	226.879	0.500	0.113
149.471	226.402	0.500	0.113
148.538	226.687	0.500	0.113
147.617	226.362	0.500	0.113
146.681	226.996	0.500	0.113
145.758	226.513	0.500	0.113
144.818	226.530	0.500	0.113
143.893	226.520	0.500	0.113
142.952	226.352	0.500	0.113
142.022	226.738	0.500	0.113
141.090	227.006	0.500	0.114
140.142	226.339	0.500	0.113
139.209	227.814	0.500	0.114
138.256	226.195	0.500	0.113
137.319	227.207	0.500	0.114
136.365	227.060	0.500	0.114
135.422	227.217	0.500	0.114
134.462	227.163	0.500	0.114
133.517	219.100	0.500	0.110
132.556	212.898	0.500	0.106
131.609	209.916	0.500	0.105
130.647	205.968	0.500	0.103
129.695	203.476	0.500	0.102
128.729	199.565	0.500	0.100
127.773	196.603	0.500	0.098
126.798	193.937	0.500	0.097
125.836	192.397	0.500	0.096
124.858	188.389	0.500	0.094
123.884	186.920	0.500	0.093
122.908	184.156	0.500	0.092
121.919	181.315	0.500	0.091
120.938	179.017	0.500	0.090
119.941	177.189	0.500	0.089
118.957	174.818	0.500	0.087
117.951	174.308	0.500	0.087
116.958	171.326	0.500	0.086
115.947	168.589	0.500	0.084
114.948	168.062	0.500	0.084
113.931	165.349	0.500	0.083
112.927	163.910	0.500	0.082
111.907	163.048	0.500	0.082
110.897	160.069	0.500	0.080
109.872	158.657	0.500	0.079
108.856	157.849	0.500	0.079
107.825	156.178	0.500	0.078
106.803	154.766	0.500	0.077
105.764	152.764	0.500	0.076
104.736	152.284	0.500	0.076
103.704	150.687	0.500	0.075
102.652	149.651	0.500	0.075
101.612	147.387	0.500	0.074
100.549	147.571	0.500	0.074
99.493	145.525	0.500	0.073
98.412	145.267	0.500	0.073
97.342	143.083	0.500	0.072
96.249	142.781	0.500	0.071
95.166	141.822	0.500	0.071
94.058	140.856	0.500	0.070
92.958	140.021	0.500	0.070
91.835	138.347	0.500	0.069
90.721	136.858	0.500	0.068
89.580	136.667	0.500	0.068
88.446	135.972	0.500	0.068
87.284	135.332	0.500	0.068
86.134	135.131	0.500	0.068
84.952	133.229	0.500	0.067
83.780	133.212	0.500	0.067
82.580	131.991	0.500	0.066
81.386	131.337	0.500	0.066
80.178	130.036	0.500	0.065
78.935	129.016	0.500	0.065
77.678	129.945	0.500	0.065
76.426	128.150	0.500	0.064
75.136	127.215	0.500	0.064
73.850	127.282	0.500	0.064
72.542	125.558	0.500	0.063
71.197	125.685	0.500	0.063
69.851	125.662	0.500	0.063
68.460	125.702	0.500	0.063
67.064	124.414	0.500	0.062
65.622	122.878	0.500	0.061
64.170	122.525	0.500	0.061
62.662	122.351	0.500	0.061
61.141	121.365	0.500	0.061
59.557	121.016	0.500	0.061
57.953	121.086	0.500	0.061
56.304	120.201	0.500	0.060
54.569	119.359	0.500	0.060
52.789	118.614	0.500	0.059
50.887	118.701	0.500	0.059
48.908	117.159	0.500	0.059
46.787	117.571	0.500	0.059
44.521	116.786	0.500	0.058
42.111	116.068	0.500	0.058
39.427	114.727	0.500	0.057
36.534	114.210	0.500	0.057
33.335	115.236	0.500	0.058
29.383	114.861	0.500	0.057
26.032	114.364	0.500	0.057
22.408	108.230	0.500	0.054
19.534	99.066	0.500	0.050
17.548	96.617	0.500	0.048
16.440	95.188	0.500	0.048
15.529	94.766	0.500	0.047
14.786	93.253	0.500	0.047
14.199	93.391	0.500	0.047
13.677	92.035	0.500	0.046
13.273	92.730	0.500	0.046
12.874	92.421	0.500	0.046
12.576	93.364	0.500	0.047
12.346	91.801	0.500	0.046
12.128	90.114	0.500	0.045
12.240	89.718	0.500	0.045
11.141	89.071	0.500	0.045
11.589	89.198	0.500	0.045
10.782	90.375	0.500	0.045
11.293	89.748	0.500	0.045
10.375	89.570	0.500	0.045
10.588	88.651	0.500	0.044
10.150	88.406	0.500	0.044
10.298	90.513	0.500	0.045
11.178	89.815	0.500	0.045
10.084	89.164	0.500	0.045
10.478	88.621	0.500	0.044
9.842	88.775	0.500	0.044
10.264	89.097	0.500	0.045
9.670	90.328	0.500	0.045
10.079	90.013	0.500	0.045
9.522	89.044	0.500	0.045
9.920	88.631	0.500	0.044
10.565	88.882	0.500	0.044
9.871	89.272	0.500	0.045
9.335	89.949	0.500	0.045
9.799	90.130	0.500	0.045
9.251	90.020	0.500	0.045
9.734	90.090	0.500	0.045
10.078	90.949	0.500	0.045
9.679	88.775	0.500	0.044
9.963	89.781	0.500	0.045
10.104	89.976	0.500	0.045
10.098	88.785	0.500	0.044
10.007	89.399	0.500	0.045
9.705	89.862	0.500	0.045
9.916	90.838	0.500	0.045
9.584	89.942	0.500	0.045
9.842	89.470	0.500	0.045
9.491	88.929	0.500	0.044
9.768	90.338	0.500	0.045
9.892	90.764	0.500	0.045
9.688	90.446	0.500	0.045
9.873	89.389	0.500	0.045
9.667	89.852	0.500	0.045
9.854	89.912	0.500	0.045
9.629	89.664	0.500	0.045
9.822	90.321	0.500	0.045
9.590	89.271	0.500	0.045
9.791	90.268	0.500	0.045
9.537	90.593	0.500	0.045
9.760	89.070	0.500	0.045
9.498	89.728	0.500	0.045
9.748	89.946	0.500	0.045
9.483	90.261	0.500	0.045
9.700	89.731	0.500	0.045
9.408	89.788	0.500	0.045
9.658	89.265	0.500	0.045
9.378	89.486	0.500	0.045
9.631	89.181	0.500	0.045
9.312	89.791	0.500	0.045
9.572	90.254	0.500	0.045
8.916	89.667	0.500	0.045
9.526	90.348	0.500	0.045
8.911	89.765	0.500	0.045
9.487	89.647	0.500	0.045
9.123	89.744	0.500	0.045
9.437	89.838	0.500	0.045
9.065	89.349	0.500	0.045
8.507	89.765	0.500	0.045
9.024	90.281	0.500	0.045
8.473	90.103	0.500	0.045
9.022	88.584	0.500	0.044
8.422	90.361	0.500	0.045
9.028	89.583	0.500	0.045
8.373	89.895	0.500	0.045
8.363	89.530	0.500	0.045
8.709	90.056	0.500	0.045
8.338	90.938	0.500	0.045
8.184	89.912	0.500	0.045
8.316	89.640	0.500	0.045
8.654	90.372	0.500	0.045
8.292	90.140	0.500	0.045
8.137	90.164	0.500	0.045
8.275	89.939	0.500	0.045
8.109	90.217	0.500	0.045
8.225	89.593	0.500	0.045
8.552	90.603	0.500	0.045
8.182	90.050	0.500	0.045
8.504	89.385	0.500	0.045
8.172	89.804	0.500	0.045
8.491	89.208	0.500	0.045
8.153	90.761	0.500	0.045
8.517	90.600	0.500	0.045
8.126	90.449	0.500	0.045
7.996	90.009	0.500	0.045
8.101	90.130	0.500	0.045
7.979	91.240	0.500	0.046
8.095	88.926	0.500	0.044
7.964	89.805	0.500	0.045
8.095	90.368	0.500	0.045
7.944	89.456	0.500	0.045
8.078	89.355	0.500	0.045
7.919	90.395	0.500	0.045
8.081	89.671	0.500	0.045
7.900	90.442	0.500	0.045
8.079	89.788	0.500	0.045
7.880	89.385	0.500	0.045
8.291	90.190	0.500	0.045
8.809	89.499	0.500	0.045
8.281	90.194	0.500	0.045
8.386	90.023	0.500	0.045
8.355	90.583	0.500	0.045
8.381	90.200	0.500	0.045
8.357	89.898	0.500	0.045
8.378	90.445	0.500	0.045
8.349	89.784	0.500	0.045
8.366	90.626	0.500	0.045
8.334	89.539	0.500	0.045
8.346	90.194	0.500	0.045
8.342	90.382	0.500	0.045
8.324	89.416	0.500	0.045
