8.652	66.282	0.500	0.033
8.337	67.485	0.500	0.034
8.623	67.840	0.500	0.034
8.198	66.590	0.500	0.033
8.030	68.480	0.500	0.034
7.620	67.713	0.500	0.034
8.249	68.031	0.500	0.034
8.545	67.636	0.500	0.034
7.672	66.775	0.500	0.033
10.421	69.920	0.500	0.035
11.438	69.244	0.500	0.035
12.378	70.670	0.500	0.035
13.071	70.644	0.500	0.035
13.698	71.116	0.500	0.036
14.278	73.136	0.500	0.037
14.821	73.015	0.500	0.037
15.330	73.614	0.500	0.037
15.809	73.270	0.500	0.037
16.267	73.796	0.500	0.037
16.701	74.385	0.500	0.037
17.115	75.005	0.500	0.038
17.511	76.957	0.500	0.038
17.886	77.219	0.500	0.039
18.247	78.431	0.500	0.039
18.591	78.009	0.500	0.039
18.919	78.659	0.500	0.039
19.236	79.292	0.500	0.040
19.540	80.213	0.500	0.040
19.831	79.788	0.500	0.040
20.114	81.121	0.500	0.041
20.390	81.041	0.500	0.041
20.654	81.134	0.500	0.041
20.909	82.377	0.500	0.041
21.154	82.906	0.500	0.041
21.394	82.622	0.500	0.041
21.633	82.605	0.500	0.041
21.870	83.084	0.500	0.042
22.074	83.275	0.500	0.042
22.265	84.484	0.500	0.042
22.488	83.707	0.500	0.042
22.739	83.744	0.500	0.042
22.990	83.961	0.500	0.042
23.104	84.052	0.500	0.042
23.312	84.270	0.500	0.042
23.570	84.471	0.500	0.042
23.840	83.395	0.500	0.042
24.068	85.184	0.500	0.043
24.265	84.320	0.500	0.042
24.489	83.801	0.500	0.042
24.690	83.261	0.500	0.042
24.901	84.812	0.500	0.042
25.103	84.390	0.500	0.042
25.303	84.471	0.500	0.042
25.500	84.430	0.500	0.042
25.695	85.010	0.500	0.043
25.888	84.186	0.500	0.042
26.080	84.132	0.500	0.042
26.270	83.409	0.500	0.042
26.459	84.394	0.500	0.042
26.647	84.176	0.500	0.042
26.833	83.281	0.500	0.042
27.018	84.883	0.500	0.042
27.204	84.963	0.500	0.042
27.389	84.816	0.500	0.042
27.574	84.434	0.500	0.042
27.753	85.536	0.500	0.043
27.936	84.581	0.500	0.042
28.115	85.160	0.500	0.043
28.293	85.254	0.500	0.043
28.470	84.558	0.500	0.042
28.647	86.088	0.500	0.043
28.822	83.298	0.500	0.042
28.994	84.712	0.500	0.042
29.169	84.588	0.500	0.042
29.340	84.879	0.500	0.042
29.514	85.602	0.500	0.043
29.685	85.301	0.500	0.043
29.856	84.869	0.500	0.042
30.026	85.696	0.500	0.043
30.194	84.216	0.500	0.042
30.361	85.381	0.500	0.043
30.530	83.814	0.500	0.042
30.697	85.502	0.500	0.043
30.864	84.882	0.500	0.042
31.026	85.934	0.500	0.043
31.191	86.594	0.500	0.043
31.354	85.616	0.500	0.043
31.518	86.038	0.500	0.043
31.681	84.923	0.500	0.042
31.842	86.092	0.500	0.043
32.004	86.008	0.500	0.043
32.165	84.836	0.500	0.042
32.324	85.854	0.500	0.043
32.484	85.720	0.500	0.043
32.640	85.080	0.500	0.043
32.799	86.128	0.500	0.043
32.957	85.723	0.500	0.043
33.113	86.092	0.500	0.043
33.270	85.147	0.500	0.043
33.425	85.713	0.500	0.043
33.579	85.984	0.500	0.043
33.735	85.107	0.500	0.043
33.891	85.988	0.500	0.043
34.044	85.864	0.500	0.043
34.199	86.092	0.500	0.043
34.347	85.140	0.500	0.043
34.504	85.921	0.500	0.043
34.655	85.874	0.500	0.043
34.805	85.197	0.500	0.043
34.953	85.794	0.500	0.043
35.105	85.499	0.500	0.043
35.255	85.623	0.500	0.043
35.400	86.527	0.500	0.043
35.553	85.036	0.500	0.043
35.701	85.706	0.500	0.043
35.846	86.778	0.500	0.043
35.993	87.509	0.500	0.044
36.139	86.855	0.500	0.043
36.285	86.383	0.500	0.043
36.432	87.043	0.500	0.044
36.577	87.267	0.500	0.044
36.720	85.696	0.500	0.043
36.865	86.691	0.500	0.043
37.008	86.373	0.500	0.043
37.153	86.041	0.500	0.043
37.294	86.446	0.500	0.043
37.437	86.882	0.500	0.043
37.580	85.676	0.500	0.043
37.724	86.929	0.500	0.043
37.864	86.744	0.500	0.043
38.005	86.279	0.500	0.043
38.147	85.941	0.500	0.043
38.286	87.318	0.500	0.044
38.425	86.282	0.500	0.043
38.565	86.882	0.500	0.043
38.705	86.102	0.500	0.043
38.843	88.041	0.500	0.044
39.005	86.808	0.500	0.043
39.893	87.177	0.500	0.044
40.871	86.701	0.500	0.043
41.761	87.036	0.500	0.044
42.581	87.475	0.500	0.044
43.346	88.959	0.500	0.044
44.068	88.218	0.500	0.044
44.757	88.852	0.500	0.044
45.415	88.322	0.500	0.044
46.043	89.823	0.500	0.045
46.651	88.255	0.500	0.044
47.236	89.595	0.500	0.045
47.803	88.624	0.500	0.044
48.355	89.679	0.500	0.045
48.890	88.580	0.500	0.044
49.412	89.819	0.500	0.045
49.921	87.766	0.500	0.044
50.418	89.736	0.500	0.045
50.905	88.349	0.500	0.044
51.392	90.097	0.500	0.045
51.859	89.705	0.500	0.045
52.319	90.127	0.500	0.045
52.772	89.679	0.500	0.045
53.214	91.729	0.500	0.046
53.648	89.826	0.500	0.045
54.076	91.441	0.500	0.046
54.500	91.913	0.500	0.046
54.917	90.878	0.500	0.045
55.325	90.955	0.500	0.045
55.728	89.257	0.500	0.045
56.146	90.781	0.500	0.045
56.521	91.682	0.500	0.046
56.910	90.452	0.500	0.045
57.295	91.494	0.500	0.046
57.676	91.568	0.500	0.046
58.054	90.536	0.500	0.045
58.426	90.838	0.500	0.045
58.796	92.459	0.500	0.046
59.159	91.745	0.500	0.046
59.521	90.499	0.500	0.045
59.880	91.584	0.500	0.046
60.234	91.052	0.500	0.046
60.587	92.285	0.500	0.046
60.936	91.367	0.500	0.046
61.283	91.688	0.500	0.046
61.629	91.876	0.500	0.046
61.970	92.070	0.500	0.046
62.310	92.181	0.500	0.046
62.647	91.682	0.500	0.046
62.985	91.122	0.500	0.046
63.316	92.238	0.500	0.046
63.648	91.725	0.500	0.046
64.034	92.934	0.500	0.046
65.165	92.412	0.500	0.046
66.629	92.747	0.500	0.046
67.353	92.894	0.500	0.046
67.953	92.643	0.500	0.046
68.642	93.531	0.500	0.047
69.477	93.852	0.500	0.047
70.833	98.160	0.500	0.049
79.126	95.034	0.500	0.048
84.148	95.587	0.500	0.048
87.166	92.630	0.500	0.046
89.365	95.008	0.500	0.048
91.323	92.141	0.500	0.046
93.221	90.807	0.500	0.045
95.042	87.830	0.500	0.044
96.822	86.503	0.500	0.043
98.565	83.120	0.500	0.042
100.272	83.177	0.500	0.042
101.940	82.128	0.500	0.041
103.665	81.593	0.500	0.041
105.186	82.845	0.500	0.041
106.780	82.212	0.500	0.041
108.353	82.574	0.500	0.041
109.905	82.584	0.500	0.041
111.441	81.375	0.500	0.041
112.958	82.316	0.500	0.041
114.459	82.705	0.500	0.041
115.967	82.494	0.500	0.041
117.417	84.222	0.500	0.042
118.896	82.333	0.500	0.041
120.340	83.006	0.500	0.042
121.769	83.217	0.500	0.042
123.186	84.145	0.500	0.042
124.590	84.403	0.500	0.042
125.975	84.182	0.500	0.042
127.347	84.386	0.500	0.042
128.708	85.545	0.500	0.043
130.061	85.069	0.500	0.043
131.404	85.880	0.500	0.043
132.736	85.565	0.500	0.043
134.062	85.679	0.500	0.043
135.380	85.488	0.500	0.043
136.687	85.274	0.500	0.043
137.987	85.542	0.500	0.043
139.274	86.104	0.500	0.043
140.559	86.868	0.500	0.043
141.839	86.955	0.500	0.043
143.112	86.737	0.500	0.043
144.378	86.838	0.500	0.043
145.637	87.501	0.500	0.044
146.897	88.288	0.500	0.044
148.140	88.024	0.500	0.044
149.378	87.953	0.500	0.044
150.605	87.980	0.500	0.044
151.821	89.186	0.500	0.045
153.033	89.464	0.500	0.045
154.239	89.739	0.500	0.045
155.419	88.549	0.500	0.044
156.630	90.198	0.500	0.045
157.811	90.033	0.500	0.045
158.993	89.287	0.500	0.045
160.171	89.846	0.500	0.045
161.344	91.896	0.500	0.046
162.530	91.300	0.500	0.046
163.691	92.093	0.500	0.046
164.833	91.457	0.500	0.046
166.003	92.077	0.500	0.046
167.150	91.628	0.500	0.046
168.293	92.559	0.500	0.046
169.429	94.237	0.500	0.047
170.563	92.395	0.500	0.046
171.692	93.745	0.500	0.047
172.815	92.954	0.500	0.046
173.934	93.031	0.500	0.047
175.050	93.282	0.500	0.047
176.156	94.699	0.500	0.047
177.259	94.726	0.500	0.047
178.359	92.636	0.500	0.046
179.454	95.021	0.500	0.048
180.546	94.830	0.500	0.047
181.632	95.952	0.500	0.048
182.716	94.860	0.500	0.047
183.804	95.376	0.500	0.048
184.879	96.263	0.500	0.048
185.951	95.034	0.500	0.048
187.019	96.203	0.500	0.048
188.082	95.480	0.500	0.048
189.143	95.808	0.500	0.048
190.201	96.009	0.500	0.048
191.254	98.159	0.500	0.049
192.304	98.253	0.500	0.049
193.351	97.864	0.500	0.049
194.393	98.535	0.500	0.049
195.433	98.816	0.500	0.049
196.468	98.859	0.500	0.049
197.500	97.714	0.500	0.049
198.527	99.908	0.500	0.050
199.551	98.936	0.500	0.049
200.576	99.201	0.500	0.050
201.590	99.757	0.500	0.050
202.599	100.082	0.500	0.050
203.600	99.603	0.500	0.050
204.596	100.105	0.500	0.050
205.584	99.653	0.500	0.050
206.572	101.834	0.500	0.051
207.559	101.840	0.500	0.051
208.542	101.244	0.500	0.051
209.522	102.587	0.500	0.051
210.496	101.328	0.500	0.051
211.468	103.003	0.500	0.052
212.436	102.329	0.500	0.051
213.400	101.057	0.500	0.051
214.361	102.909	0.500	0.051
215.321	104.111	0.500	0.052
216.287	103.773	0.500	0.052
217.243	104.205	0.500	0.052
218.196	103.961	0.500	0.052
219.150	104.429	0.500	0.052
220.103	104.677	0.500	0.052
221.070	104.373	0.500	0.052
222.096	105.397	0.500	0.053
223.107	104.774	0.500	0.052
224.081	105.066	0.500	0.053
225.037	106.356	0.500	0.053
225.981	104.741	0.500	0.052
226.920	105.029	0.500	0.053
227.857	107.411	0.500	0.054
228.790	106.134	0.500	0.053
229.716	107.585	0.500	0.054
230.633	107.293	0.500	0.054
231.537	107.447	0.500	0.054
232.441	108.248	0.500	0.054
233.306	108.422	0.500	0.054
234.183	107.772	0.500	0.054
235.086	108.107	0.500	0.054
236.020	108.020	0.500	0.054
236.969	108.630	0.500	0.054
237.909	109.320	0.500	0.055
238.833	109.460	0.500	0.055
239.745	110.854	0.500	0.055
240.651	108.791	0.500	0.054
241.560	108.844	0.500	0.054
242.455	109.373	0.500	0.055
243.344	111.413	0.500	0.056
244.221	110.860	0.500	0.055
245.073	111.024	0.500	0.056
245.949	110.482	0.500	0.055
246.752	111.099	0.500	0.056
247.622	113.463	0.500	0.057
248.493	112.438	0.500	0.056
249.394	112.060	0.500	0.056
250.355	112.147	0.500	0.056
251.274	112.977	0.500	0.056
252.166	114.652	0.500	0.057
253.082	113.098	0.500	0.057
253.913	114.059	0.500	0.057
254.771	113.088	0.500	0.057
255.631	114.173	0.500	0.057
256.481	113.456	0.500	0.057
257.323	115.091	0.500	0.058
258.157	114.468	0.500	0.057
258.970	114.475	0.500	0.057
259.763	114.943	0.500	0.057
260.582	114.364	0.500	0.057
261.439	114.776	0.500	0.057
262.352	116.227	0.500	0.058
263.241	114.156	0.500	0.057
264.101	115.570	0.500	0.058
264.948	117.158	0.500	0.059
265.787	114.545	0.500	0.057
266.620	117.318	0.500	0.059
267.458	118.039	0.500	0.059
268.278	116.159	0.500	0.058
269.093	118.273	0.500	0.059
269.903	118.015	0.500	0.059
270.695	117.486	0.500	0.059
271.450	117.321	0.500	0.059
272.226	118.507	0.500	0.059
273.030	117.928	0.500	0.059
273.897	118.521	0.500	0.059
274.770	118.896	0.500	0.059
275.612	118.434	0.500	0.059
276.431	119.147	0.500	0.060
277.242	119.087	0.500	0.060
278.059	118.142	0.500	0.059
278.859	119.807	0.500	0.060
279.676	119.549	0.500	0.060
280.511	120.477	0.500	0.060
281.247	120.366	0.500	0.060
282.023	119.244	0.500	0.060
282.776	121.284	0.500	0.061
283.501	120.601	0.500	0.060
284.243	121.036	0.500	0.061
285.044	122.182	0.500	0.061
285.902	121.545	0.500	0.061
286.736	121.736	0.500	0.061
287.538	121.381	0.500	0.061
288.324	122.208	0.500	0.061
289.103	123.254	0.500	0.062
289.878	123.746	0.500	0.062
290.642	121.445	0.500	0.061
291.406	122.513	0.500	0.061
292.166	123.247	0.500	0.062
292.965	123.572	0.500	0.062
293.667	122.888	0.500	0.061
294.400	122.965	0.500	0.061
295.096	124.446	0.500	0.062
295.805	123.364	0.500	0.062
296.562	123.977	0.500	0.062
297.377	124.891	0.500	0.062
298.187	125.863	0.500	0.063
298.960	126.000	0.500	0.063
299.690	124.108	0.500	0.062
300.312	125.957	0.500	0.063
300.760	124.895	0.500	0.062
301.001	125.528	0.500	0.063
301.052	125.153	0.500	0.063
300.959	125.504	0.500	0.063
300.769	125.856	0.500	0.063
300.527	126.251	0.500	0.063
300.266	124.670	0.500	0.062
300.010	126.291	0.500	0.063
299.781	124.526	0.500	0.062
299.601	124.824	0.500	0.062
299.481	126.261	0.500	0.063
299.431	125.980	0.500	0.063
299.459	124.878	0.500	0.062
299.555	127.939	0.500	0.064
299.703	126.027	0.500	0.063
299.884	125.136	0.500	0.063
300.065	126.084	0.500	0.063
300.221	124.653	0.500	0.062
300.333	125.056	0.500	0.063
300.388	125.176	0.500	0.063
300.389	126.382	0.500	0.063
300.344	124.968	0.500	0.062
300.269	124.650	0.500	0.062
300.175	125.605	0.500	0.063
300.074	126.178	0.500	0.063
299.979	125.119	0.500	0.063
299.897	126.362	0.500	0.063
299.836	124.319	0.500	0.062
299.805	125.799	0.500	0.063
299.799	125.591	0.500	0.063
299.817	125.779	0.500	0.063
299.859	125.745	0.500	0.063
299.914	125.910	0.500	0.063
299.974	125.440	0.500	0.063
