temps 	Champ 	Masse 	dBdz 	Moment 	T (K)
1.205100E+1	5.683308E+0	0.000000E+0	-3.250575E+0	-0.000000E+0	4.461288E+1
1.265600E+1	5.683389E+0	0.000000E+0	-3.250618E+0	-0.000000E+0	4.461288E+1
1.326100E+1	5.683234E+0	0.000000E+0	-3.250591E+0	-0.000000E+0	4.461288E+1
1.387400E+1	5.682954E+0	0.000000E+0	-3.250409E+0	-0.000000E+0	4.461288E+1
1.447800E+1	5.683318E+0	0.000000E+0	-3.250695E+0	-0.000000E+0	4.461288E+1
1.508400E+1	5.683497E+0	0.000000E+0	-3.250656E+0	-0.000000E+0	4.461288E+1
1.569000E+1	5.682880E+0	0.000000E+0	-3.250425E+0	-0.000000E+0	4.461288E+1
1.629800E+1	5.683161E+0	0.000000E+0	-3.250485E+0	-0.000000E+0	4.461288E+1
1.690400E+1	5.683360E+0	0.000000E+0	-3.250686E+0	-0.000000E+0	4.461288E+1
1.751000E+1	5.683476E+0	0.000000E+0	-3.250721E+0	-0.000000E+0	4.461288E+1
1.811700E+1	5.683378E+0	0.000000E+0	-3.250682E+0	-0.000000E+0	4.461288E+1
1.872400E+1	5.683350E+0	0.000000E+0	-3.250688E+0	-0.000000E+0	4.461288E+1
1.932900E+1	5.683452E+0	0.000000E+0	-3.250544E+0	-0.000000E+0	4.461288E+1
1.993500E+1	5.683086E+0	0.000000E+0	-3.250624E+0	-0.000000E+0	4.461288E+1
2.054000E+1	5.683254E+0	0.000000E+0	-3.250770E+0	-0.000000E+0	4.461288E+1
2.114500E+1	5.683371E+0	0.000000E+0	-3.250500E+0	-0.000000E+0	4.461288E+1
2.175000E+1	5.682884E+0	0.000000E+0	-3.250302E+0	-0.000000E+0	4.461288E+1
2.235700E+1	5.783015E+0	0.000000E+0	-3.325454E+0	-0.000000E+0	4.461288E+1
2.296300E+1	5.932697E+0	0.000000E+0	-3.438961E+0	-0.000000E+0	4.461288E+1
2.356900E+1	6.030650E+0	0.000000E+0	-3.513434E+0	-0.000000E+0	4.461288E+1
2.417800E+1	6.092303E+0	0.000000E+0	-3.560551E+0	-0.000000E+0	4.461288E+1
2.478400E+1	6.239128E+0	0.000000E+0	-3.673559E+0	-0.000000E+0	4.461288E+1
2.539100E+1	6.399373E+0	0.000000E+0	-3.797648E+0	-0.000000E+0	4.461288E+1
2.599700E+1	6.564535E+0	0.000000E+0	-3.926256E+0	-0.000000E+0	4.461288E+1
2.660300E+1	6.645920E+0	0.000000E+0	-3.990100E+0	-0.000000E+0	4.461288E+1
2.720900E+1	6.644756E+0	0.000000E+0	-3.989109E+0	-0.000000E+0	4.461288E+1
2.781500E+1	6.643958E+0	0.000000E+0	-3.988751E+0	-0.000000E+0	4.461288E+1
2.842100E+1	6.656870E+0	0.000000E+0	-3.998996E+0	-0.000000E+0	4.461288E+1
2.902700E+1	6.902805E+0	0.000000E+0	-4.193082E+0	-0.000000E+0	4.461288E+1
2.963600E+1	7.085895E+0	0.000000E+0	-4.338984E+0	-0.000000E+0	4.461288E+1
3.024200E+1	7.098336E+0	0.000000E+0	-4.349061E+0	-0.000000E+0	4.461288E+1
3.084800E+1	7.103233E+0	0.000000E+0	-4.353070E+0	-0.000000E+0	4.461288E+1
3.145400E+1	7.431744E+0	0.000000E+0	-4.618069E+0	-0.000000E+0	4.461288E+1
3.205800E+1	7.764601E+0	0.000000E+0	-4.890017E+0	-0.000000E+0	4.461288E+1
3.266400E+1	7.844156E+0	0.000000E+0	-4.955669E+0	-0.000000E+0	4.461288E+1
3.326900E+1	8.167812E+0	0.000000E+0	-5.224126E+0	-0.000000E+0	4.461288E+1
3.387600E+1	8.702014E+0	0.000000E+0	-5.673994E+0	-0.000000E+0	4.461288E+1
3.448200E+1	9.707598E+0	0.000000E+0	-6.542098E+0	-0.000000E+0	4.461288E+1
3.508800E+1	9.993033E+0	0.000000E+0	-6.793384E+0	-0.000000E+0	4.461288E+1
3.569500E+1	9.996873E+0	0.000000E+0	-6.796580E+0	-0.000000E+0	4.461288E+1
3.630200E+1	1.060819E+1	0.000000E+0	-7.341297E+0	-0.000000E+0	4.461288E+1
3.690800E+1	1.084074E+1	0.000000E+0	-7.551269E+0	-0.000000E+0	4.461288E+1
3.751400E+1	1.222798E+1	0.000000E+0	-8.827042E+0	-0.000000E+0	4.461288E+1
3.812300E+1	1.301245E+1	0.000000E+0	-9.566725E+0	-0.000000E+0	4.461288E+1
3.873100E+1	1.301342E+1	0.000000E+0	-9.567725E+0	-0.000000E+0	4.461288E+1
3.933900E+1	1.363780E+1	0.000000E+0	-1.016488E+1	-0.000000E+0	4.461288E+1
3.994600E+1	1.551238E+1	0.000000E+0	-1.200135E+1	-0.000000E+0	4.461288E+1
4.055300E+1	1.651226E+1	0.000000E+0	-1.300491E+1	-0.000000E+0	4.461288E+1
4.115800E+1	1.691434E+1	0.000000E+0	-1.341357E+1	-0.000000E+0	4.461288E+1
4.176400E+1	1.707614E+1	0.000000E+0	-1.357803E+1	-0.000000E+0	4.461288E+1
4.237200E+1	1.994971E+1	0.000000E+0	-1.657123E+1	-0.000000E+0	4.461288E+1
4.297700E+1	2.125652E+1	0.000000E+0	-1.796835E+1	-0.000000E+0	4.461288E+1
4.358400E+1	2.225641E+1	0.000000E+0	-1.905131E+1	-0.000000E+0	4.461288E+1
4.419100E+1	2.671754E+1	0.000000E+0	-2.401644E+1	-0.000000E+0	4.461288E+1
4.479800E+1	2.751472E+1	0.000000E+0	-2.492442E+1	-0.000000E+0	4.461288E+1
4.540500E+1	3.213053E+1	0.000000E+0	-3.028615E+1	-0.000000E+0	4.461288E+1
4.601200E+1	3.629012E+1	0.000000E+0	-3.525127E+1	-0.000000E+0	4.461288E+1
4.661900E+1	3.629554E+1	0.000000E+0	-3.525803E+1	-0.000000E+0	4.461288E+1
4.722500E+1	4.615073E+1	4.000000E+0	-4.740498E+1	-8.437932E-2	4.461288E+1
4.783100E+1	4.643619E+1	1.700000E+1	-4.776334E+1	-3.559215E-1	4.461288E+1
4.843800E+1	4.644151E+1	-3.400000E+1	-4.777001E+1	7.117436E-1	4.461288E+1
4.904500E+1	4.644431E+1	-3.400000E+1	-4.777340E+1	7.116931E-1	4.461288E+1
4.965300E+1	4.644636E+1	-3.400000E+1	-4.777619E+1	7.116515E-1	4.461288E+1
5.026000E+1	4.667135E+1	-3.300000E+1	-4.805889E+1	6.866576E-1	4.461288E+1
5.086500E+1	4.730658E+1	-3.200000E+1	-4.885749E+1	6.549661E-1	4.461288E+1
5.147200E+1	4.731250E+1	-3.200000E+1	-4.886496E+1	6.548659E-1	4.461288E+1
5.207900E+1	4.731327E+1	-3.200000E+1	-4.886555E+1	6.548581E-1	4.461288E+1
5.268600E+1	4.732150E+1	-3.500000E+1	-4.887629E+1	7.160936E-1	4.461288E+1
5.329200E+1	4.731677E+1	-3.500000E+1	-4.887029E+1	7.161815E-1	4.461288E+1
5.389900E+1	4.731726E+1	-3.500000E+1	-4.887076E+1	7.161747E-1	4.461288E+1
5.450500E+1	4.731865E+1	-3.500000E+1	-4.887275E+1	7.161454E-1	4.461288E+1
5.511100E+1	4.731585E+1	-3.500000E+1	-4.886896E+1	7.162011E-1	4.461288E+1
5.572000E+1	4.731798E+1	-3.500000E+1	-4.887159E+1	7.161624E-1	4.461288E+1
5.632700E+1	4.730967E+1	-3.500000E+1	-4.886134E+1	7.163128E-1	4.461288E+1
5.693500E+1	4.764787E+1	-3.500000E+1	-4.928704E+1	7.101259E-1	4.461288E+1
5.754100E+1	5.013804E+1	-3.500000E+1	-5.243537E+1	6.674883E-1	4.461288E+1
5.814700E+1	5.328253E+1	-3.300000E+1	-5.643782E+1	5.847143E-1	4.461288E+1
5.875400E+1	5.346143E+1	-2.800000E+1	-5.666686E+1	4.941160E-1	4.461288E+1
5.936100E+1	5.345622E+1	-4.700000E+1	-5.666013E+1	8.295075E-1	4.461288E+1
5.996800E+1	5.345567E+1	-4.700000E+1	-5.665941E+1	8.295179E-1	4.461288E+1
6.057500E+1	5.346391E+1	-4.500000E+1	-5.666992E+1	7.940720E-1	4.461288E+1
6.118300E+1	5.345983E+1	-4.500000E+1	-5.666430E+1	7.941508E-1	4.461288E+1
6.179000E+1	5.346008E+1	-4.400000E+1	-5.666485E+1	7.764955E-1	4.461288E+1
6.239600E+1	5.346225E+1	-4.400000E+1	-5.666791E+1	7.764536E-1	4.461288E+1
6.300500E+1	5.346415E+1	-4.400000E+1	-5.667054E+1	7.764175E-1	4.461288E+1
6.361200E+1	5.345731E+1	-4.400000E+1	-5.666158E+1	7.765402E-1	4.461288E+1
6.421700E+1	5.346336E+1	-4.400000E+1	-5.666926E+1	7.764351E-1	4.461288E+1
6.482600E+1	5.346661E+1	-4.400000E+1	-5.667382E+1	7.763726E-1	4.461288E+1
6.543400E+1	5.346174E+1	-4.400000E+1	-5.666691E+1	7.764672E-1	4.461288E+1
6.604200E+1	5.353101E+1	-4.400000E+1	-5.675524E+1	7.752588E-1	4.461288E+1
6.665000E+1	5.560524E+1	-4.400000E+1	-5.941192E+1	7.405921E-1	4.461288E+1
6.725600E+1	5.560990E+1	-4.300000E+1	-5.941730E+1	7.236950E-1	4.461288E+1
6.786300E+1	5.560789E+1	-4.200000E+1	-5.941469E+1	7.068959E-1	4.461288E+1
6.847000E+1	5.561049E+1	-4.700000E+1	-5.941785E+1	7.910080E-1	4.461288E+1
6.907800E+1	5.560265E+1	-4.700000E+1	-5.940863E+1	7.911308E-1	4.461288E+1
6.968500E+1	5.559979E+1	-4.700000E+1	-5.940477E+1	7.911823E-1	4.461288E+1
7.029200E+1	5.560673E+1	-4.700000E+1	-5.941326E+1	7.910693E-1	4.461288E+1
7.089900E+1	5.577947E+1	-4.700000E+1	-5.963539E+1	7.881227E-1	4.461288E+1
7.150500E+1	5.825850E+1	-4.700000E+1	-6.282274E+1	7.481367E-1	4.461288E+1
7.211200E+1	5.824815E+1	-4.600000E+1	-6.280947E+1	7.323737E-1	4.461288E+1
7.271900E+1	5.824753E+1	-4.500000E+1	-6.280878E+1	7.164604E-1	4.461288E+1
7.332500E+1	5.827464E+1	-5.100000E+1	-6.284357E+1	8.115389E-1	4.461288E+1
7.393200E+1	5.829932E+1	-5.200000E+1	-6.287522E+1	8.270349E-1	4.461288E+1
7.454000E+1	5.829900E+1	-5.200000E+1	-6.287499E+1	8.270379E-1	4.461288E+1
7.514900E+1	5.829748E+1	-5.200000E+1	-6.287302E+1	8.270638E-1	4.461288E+1
7.575700E+1	5.829109E+1	-5.200000E+1	-6.286478E+1	8.271722E-1	4.461288E+1
7.636500E+1	5.829901E+1	-5.200000E+1	-6.287490E+1	8.270391E-1	4.461288E+1
7.697300E+1	6.055945E+1	-5.200000E+1	-6.579164E+1	7.903740E-1	4.461288E+1
7.758000E+1	6.054540E+1	-5.100000E+1	-6.577388E+1	7.753838E-1	4.461288E+1
7.818800E+1	6.054255E+1	-4.900000E+1	-6.576985E+1	7.450222E-1	4.461288E+1
7.879800E+1	6.053966E+1	-5.500000E+1	-6.576649E+1	8.362921E-1	4.461288E+1
7.940500E+1	6.054254E+1	-5.600000E+1	-6.577007E+1	8.514511E-1	4.461288E+1
8.001200E+1	6.054764E+1	-5.600000E+1	-6.577661E+1	8.513664E-1	4.461288E+1
8.061900E+1	6.054287E+1	-5.600000E+1	-6.577024E+1	8.514489E-1	4.461288E+1
8.122700E+1	6.053840E+1	-5.600000E+1	-6.576454E+1	8.515228E-1	4.461288E+1
8.183600E+1	6.055051E+1	-5.600000E+1	-6.578031E+1	8.513185E-1	4.461288E+1
8.244400E+1	6.144768E+1	-5.600000E+1	-6.694037E+1	8.365654E-1	4.461288E+1
8.305200E+1	6.303910E+1	-5.500000E+1	-6.900129E+1	7.970865E-1	4.461288E+1
8.366000E+1	6.308461E+1	-5.200000E+1	-6.906007E+1	7.529676E-1	4.461288E+1
8.426700E+1	6.308996E+1	-5.200000E+1	-6.906691E+1	7.528931E-1	4.461288E+1
8.487400E+1	6.308428E+1	-5.900000E+1	-6.905954E+1	8.543352E-1	4.461288E+1
8.548300E+1	6.307691E+1	-6.000000E+1	-6.904999E+1	8.689357E-1	4.461288E+1
8.608900E+1	6.308495E+1	-6.000000E+1	-6.906017E+1	8.688075E-1	4.461288E+1
8.669600E+1	6.308428E+1	-6.000000E+1	-6.905945E+1	8.688167E-1	4.461288E+1
8.730400E+1	6.323811E+1	-6.000000E+1	-6.925888E+1	8.663150E-1	4.461288E+1
8.791200E+1	6.635538E+1	-6.000000E+1	-7.330511E+1	8.184969E-1	4.461288E+1
8.851900E+1	6.945752E+1	-3.100000E+1	-7.733991E+1	4.008280E-1	4.461288E+1
8.912600E+1	6.945190E+1	-6.100000E+1	-7.733183E+1	7.888085E-1	4.461288E+1
8.973300E+1	6.943841E+1	-7.100000E+1	-7.731453E+1	9.183267E-1	4.461288E+1
9.034000E+1	6.944103E+1	-7.200000E+1	-7.731862E+1	9.312116E-1	4.461288E+1
9.094500E+1	6.944103E+1	-7.200000E+1	-7.731794E+1	9.312199E-1	4.461288E+1
9.155200E+1	6.944590E+1	-7.200000E+1	-7.732480E+1	9.311372E-1	4.461288E+1
9.215800E+1	6.944740E+1	-7.200000E+1	-7.732609E+1	9.311217E-1	4.461288E+1
9.276500E+1	6.944403E+1	-7.200000E+1	-7.732155E+1	9.311764E-1	4.461288E+1
9.337300E+1	7.005226E+1	-7.200000E+1	-7.811340E+1	9.217368E-1	4.461288E+1
9.398200E+1	7.381501E+1	-7.000000E+1	-8.301577E+1	8.432133E-1	4.461288E+1
9.458900E+1	7.405845E+1	-6.100000E+1	-8.333236E+1	7.320086E-1	4.461288E+1
9.519700E+1	7.406289E+1	-7.700000E+1	-8.333816E+1	9.239465E-1	4.461288E+1
9.580300E+1	7.405683E+1	-8.100000E+1	-8.333040E+1	9.720342E-1	4.461288E+1
9.640900E+1	7.406733E+1	-8.200000E+1	-8.334382E+1	9.838762E-1	4.461288E+1
9.701700E+1	7.406208E+1	-8.200000E+1	-8.333739E+1	9.839521E-1	4.461288E+1
9.762200E+1	7.406129E+1	-8.200000E+1	-8.333657E+1	9.839618E-1	4.461288E+1
9.823100E+1	7.405966E+1	-8.200000E+1	-8.333402E+1	9.839919E-1	4.461288E+1
9.883900E+1	7.406127E+1	-8.200000E+1	-8.333587E+1	9.839701E-1	4.461288E+1
9.944700E+1	7.404633E+1	-8.200000E+1	-8.331646E+1	9.841993E-1	4.461288E+1
1.000550E+2	7.405441E+1	-8.200000E+1	-8.332736E+1	9.840706E-1	4.461288E+1
1.006600E+2	7.409359E+1	-8.200000E+1	-8.337818E+1	9.834707E-1	4.461288E+1
1.012680E+2	7.710792E+1	-8.200000E+1	-8.730621E+1	9.392230E-1	4.461288E+1
1.018730E+2	7.925702E+1	-4.800000E+1	-9.010490E+1	5.327124E-1	4.461288E+1
1.024810E+2	7.933742E+1	-9.000000E+1	-9.020989E+1	9.976734E-1	4.461288E+1
1.030880E+2	7.934225E+1	-9.000000E+1	-9.021640E+1	9.976013E-1	4.461288E+1
1.036960E+2	7.934004E+1	-9.100000E+1	-9.021314E+1	1.008722E+0	4.461288E+1
1.043040E+2	7.935009E+1	-9.100000E+1	-9.022609E+1	1.008577E+0	4.461288E+1
1.049100E+2	7.934005E+1	-9.100000E+1	-9.021324E+1	1.008721E+0	4.461288E+1
1.055180E+2	7.934309E+1	-9.100000E+1	-9.021685E+1	1.008681E+0	4.461288E+1
1.061250E+2	7.935142E+1	-9.000000E+1	-9.022825E+1	9.974703E-1	4.461288E+1
1.067320E+2	7.934574E+1	-9.000000E+1	-9.022085E+1	9.975521E-1	4.461288E+1
1.073400E+2	7.934793E+1	-9.000000E+1	-9.022387E+1	9.975187E-1	4.461288E+1
1.079470E+2	7.933919E+1	-9.000000E+1	-9.021276E+1	9.976415E-1	4.461288E+1
1.085550E+2	7.934750E+1	-9.000000E+1	-9.022363E+1	9.975214E-1	4.461288E+1
1.091610E+2	8.180703E+1	-9.000000E+1	-9.342412E+1	9.633486E-1	4.461288E+1
1.097670E+2	8.542790E+1	-5.100000E+1	-9.812903E+1	5.197239E-1	4.461288E+1
1.103750E+2	8.544120E+1	-7.600000E+1	-9.814603E+1	7.743563E-1	4.461288E+1
1.109810E+2	8.544835E+1	-9.900000E+1	-9.815557E+1	1.008603E+0	4.461288E+1
1.115890E+2	8.546218E+1	-1.020000E+2	-9.817412E+1	1.038970E+0	4.461288E+1
1.121960E+2	8.544982E+1	-1.020000E+2	-9.815818E+1	1.039139E+0	4.461288E+1
1.128030E+2	8.546075E+1	-1.020000E+2	-9.817223E+1	1.038990E+0	4.461288E+1
1.134120E+2	8.546026E+1	-1.020000E+2	-9.817143E+1	1.038999E+0	4.461288E+1
1.140180E+2	8.546642E+1	-1.020000E+2	-9.817887E+1	1.038920E+0	4.461288E+1
1.146260E+2	8.546456E+1	-1.020000E+2	-9.817723E+1	1.038937E+0	4.461288E+1
1.152320E+2	8.546450E+1	-1.020000E+2	-9.817623E+1	1.038948E+0	4.461288E+1
1.158390E+2	8.544643E+1	-1.020000E+2	-9.815279E+1	1.039196E+0	4.461288E+1
1.164460E+2	8.546693E+1	-1.020000E+2	-9.818003E+1	1.038908E+0	4.461288E+1
1.170540E+2	8.798429E+1	-1.020000E+2	-1.014442E+2	1.005479E+0	4.461288E+1
1.176610E+2	9.271890E+1	-9.900000E+1	-1.075604E+2	9.204127E-1	4.461288E+1
1.182670E+2	9.293995E+1	-8.900000E+1	-1.078453E+2	8.252559E-1	4.461288E+1
1.188740E+2	9.296171E+1	-1.150000E+2	-1.078741E+2	1.066058E+0	4.461288E+1
1.194810E+2	9.296686E+1	-1.150000E+2	-1.078800E+2	1.065999E+0	4.461288E+1
1.200880E+2	9.296213E+1	-1.150000E+2	-1.078736E+2	1.066063E+0	4.461288E+1
1.206960E+2	9.295853E+1	-1.150000E+2	-1.078696E+2	1.066102E+0	4.461288E+1
1.213040E+2	9.296110E+1	-1.150000E+2	-1.078724E+2	1.066074E+0	4.461288E+1
1.219110E+2	9.296507E+1	-1.150000E+2	-1.078780E+2	1.066019E+0	4.461288E+1
1.225180E+2	9.297398E+1	-1.150000E+2	-1.078897E+2	1.065903E+0	4.461288E+1
1.231250E+2	9.297163E+1	-1.150000E+2	-1.078867E+2	1.065933E+0	4.461288E+1
1.237330E+2	9.296455E+1	-1.150000E+2	-1.078774E+2	1.066025E+0	4.461288E+1
1.243400E+2	9.297653E+1	-1.150000E+2	-1.078924E+2	1.065877E+0	4.461288E+1
1.249480E+2	9.296710E+1	-1.150000E+2	-1.078801E+2	1.065998E+0	4.461288E+1
1.255560E+2	9.296450E+1	-1.150000E+2	-1.078769E+2	1.066030E+0	4.461288E+1
1.261640E+2	9.296612E+1	-1.150000E+2	-1.078794E+2	1.066005E+0	4.461288E+1
1.267720E+2	9.295898E+1	-1.150000E+2	-1.078695E+2	1.066103E+0	4.461288E+1
1.273790E+2	9.297239E+1	-1.150000E+2	-1.078874E+2	1.065926E+0	4.461288E+1
1.279870E+2	9.297549E+1	-1.150000E+2	-1.078911E+2	1.065890E+0	4.461288E+1
1.285940E+2	9.295667E+1	-1.150000E+2	-1.078669E+2	1.066129E+0	4.461288E+1
1.292020E+2	9.296849E+1	-1.150000E+2	-1.078826E+2	1.065973E+0	4.461288E+1
1.298070E+2	9.297209E+1	-1.150000E+2	-1.078868E+2	1.065933E+0	4.461288E+1
1.304150E+2	9.297393E+1	-1.150000E+2	-1.078892E+2	1.065909E+0	4.461288E+1
1.310230E+2	9.296893E+1	-1.150000E+2	-1.078824E+2	1.065976E+0	4.461288E+1
1.316290E+2	9.297344E+1	-1.150000E+2	-1.078889E+2	1.065911E+0	4.461288E+1
1.322350E+2	9.297258E+1	-1.150000E+2	-1.078870E+2	1.065930E+0	4.461288E+1
1.328440E+2	9.297835E+1	-1.150000E+2	-1.078946E+2	1.065855E+0	4.461288E+1
1.334500E+2	9.296788E+1	-1.150000E+2	-1.078810E+2	1.065990E+0	4.461288E+1
1.340570E+2	9.297105E+1	-1.150000E+2	-1.078855E+2	1.065945E+0	4.461288E+1
1.346660E+2	9.297736E+1	-1.150000E+2	-1.078939E+2	1.065861E+0	4.461288E+1
1.352740E+2	9.297048E+1	-1.150000E+2	-1.078842E+2	1.065958E+0	4.461288E+1
1.358810E+2	9.296266E+1	-1.150000E+2	-1.078743E+2	1.066055E+0	4.461288E+1
1.364910E+2	9.296894E+1	-1.150000E+2	-1.078825E+2	1.065974E+0	4.461288E+1
1.370980E+2	9.297207E+1	-1.150000E+2	-1.078866E+2	1.065934E+0	4.461288E+1
1.377060E+2	9.297788E+1	-1.150000E+2	-1.078945E+2	1.065856E+0	4.461288E+1
1.383130E+2	9.296614E+1	-1.150000E+2	-1.078796E+2	1.066003E+0	4.461288E+1
1.389210E+2	9.296845E+1	-1.150000E+2	-1.078822E+2	1.065978E+0	4.461288E+1
1.395290E+2	9.297918E+1	-1.150000E+2	-1.078961E+2	1.065840E+0	4.461288E+1
1.401360E+2	9.296972E+1	-1.150000E+2	-1.078835E+2	1.065964E+0	4.461288E+1
1.407440E+2	9.297415E+1	-1.150000E+2	-1.078891E+2	1.065910E+0	4.461288E+1
1.413520E+2	9.296710E+1	-1.150000E+2	-1.078801E+2	1.065999E+0	4.461288E+1
1.419600E+2	9.297345E+1	-1.150000E+2	-1.078890E+2	1.065910E+0	4.461288E+1
1.425660E+2	9.296947E+1	-1.150000E+2	-1.078833E+2	1.065967E+0	4.461288E+1
1.431740E+2	9.297684E+1	-1.150000E+2	-1.078932E+2	1.065868E+0	4.461288E+1
1.437800E+2	9.297939E+1	-1.150000E+2	-1.078959E+2	1.065842E+0	4.461288E+1
1.443870E+2	9.296689E+1	-1.150000E+2	-1.078803E+2	1.065996E+0	4.461288E+1
1.449950E+2	9.296740E+1	-1.150000E+2	-1.078808E+2	1.065991E+0	4.461288E+1
1.456020E+2	9.296737E+1	-1.150000E+2	-1.078805E+2	1.065995E+0	4.461288E+1
1.462100E+2	9.297447E+1	-1.150000E+2	-1.078900E+2	1.065901E+0	4.461288E+1
1.468180E+2	9.297815E+1	-1.150000E+2	-1.078949E+2	1.065852E+0	4.461288E+1
1.474260E+2	9.296378E+1	-1.150000E+2	-1.078766E+2	1.066033E+0	4.461288E+1
1.480350E+2	9.296241E+1	-1.150000E+2	-1.078742E+2	1.066057E+0	4.461288E+1
1.486410E+2	9.297396E+1	-1.150000E+2	-1.078895E+2	1.065905E+0	4.461288E+1
1.492490E+2	9.297026E+1	-1.150000E+2	-1.078843E+2	1.065956E+0	4.461288E+1
1.498580E+2	9.297807E+1	-1.150000E+2	-1.078941E+2	1.065860E+0	4.461288E+1
1.504630E+2	9.297841E+1	-1.150000E+2	-1.078953E+2	1.065848E+0	4.461288E+1
1.510690E+2	9.296478E+1	-1.150000E+2	-1.078774E+2	1.066025E+0	4.461288E+1
1.516760E+2	9.297553E+1	-1.150000E+2	-1.078915E+2	1.065885E+0	4.461288E+1
1.522820E+2	9.296979E+1	-1.150000E+2	-1.078842E+2	1.065957E+0	4.461288E+1
1.528890E+2	9.297162E+1	-1.150000E+2	-1.078866E+2	1.065934E+0	4.461288E+1
1.534950E+2	9.296925E+1	-1.150000E+2	-1.078834E+2	1.065966E+0	4.461288E+1
1.541020E+2	9.297863E+1	-1.150000E+2	-1.078951E+2	1.065850E+0	4.461288E+1
1.547100E+2	9.296604E+1	-1.150000E+2	-1.078786E+2	1.066014E+0	4.461288E+1
1.553150E+2	9.297571E+1	-1.150000E+2	-1.078910E+2	1.065891E+0	4.461288E+1
1.559220E+2	9.298095E+1	-1.150000E+2	-1.078978E+2	1.065823E+0	4.461288E+1
1.565320E+2	9.295908E+1	-1.150000E+2	-1.078705E+2	1.066093E+0	4.461288E+1
1.571380E+2	9.297709E+1	-1.150000E+2	-1.078934E+2	1.065867E+0	4.461288E+1
1.577460E+2	9.296897E+1	-1.150000E+2	-1.078828E+2	1.065971E+0	4.461288E+1
1.583540E+2	9.298279E+1	-1.150000E+2	-1.079004E+2	1.065798E+0	4.461288E+1
1.589620E+2	9.296635E+1	-1.150000E+2	-1.078794E+2	1.066005E+0	4.461288E+1
1.595690E+2	9.294991E+1	-1.150000E+2	-1.078585E+2	1.066212E+0	4.461288E+1
1.601770E+2	9.296239E+1	-1.150000E+2	-1.078739E+2	1.066059E+0	4.461288E+1
1.607830E+2	9.297230E+1	-1.150000E+2	-1.078865E+2	1.065935E+0	4.461288E+1
1.613910E+2	9.297161E+1	-1.150000E+2	-1.078865E+2	1.065935E+0	4.461288E+1
1.619970E+2	9.296661E+1	-1.150000E+2	-1.078798E+2	1.066002E+0	4.461288E+1
1.626050E+2	9.297632E+1	-1.150000E+2	-1.078926E+2	1.065874E+0	4.461288E+1
1.632120E+2	9.912856E+1	-1.150000E+2	-1.157850E+2	9.932198E-1	4.461288E+1
1.638170E+2	1.000123E+2	-1.140000E+2	-1.169124E+2	9.750894E-1	4.461288E+1
1.644230E+2	1.000228E+2	-1.280000E+2	-1.169258E+2	1.094712E+0	4.461288E+1
1.650300E+2	1.000217E+2	-1.270000E+2	-1.169246E+2	1.086170E+0	4.461288E+1
1.656390E+2	1.000237E+2	-1.270000E+2	-1.169273E+2	1.086145E+0	4.461288E+1
1.662450E+2	1.000084E+2	-1.270000E+2	-1.169079E+2	1.086326E+0	4.461288E+1
1.668530E+2	1.040153E+2	-1.260000E+2	-1.219999E+2	1.032788E+0	4.461288E+1
1.674620E+2	1.065357E+2	-1.060000E+2	-1.251834E+2	8.467575E-1	4.461288E+1
1.680680E+2	1.065521E+2	-1.310000E+2	-1.252038E+2	1.046294E+0	4.461288E+1
1.686760E+2	1.065406E+2	-1.360000E+2	-1.251895E+2	1.086353E+0	4.461288E+1
1.692840E+2	1.065490E+2	-1.370000E+2	-1.251999E+2	1.094250E+0	4.461288E+1
1.698920E+2	1.065512E+2	-1.370000E+2	-1.252029E+2	1.094224E+0	4.461288E+1
1.705000E+2	1.065499E+2	-1.380000E+2	-1.252012E+2	1.102226E+0	4.461288E+1
1.711070E+2	1.065569E+2	-1.380000E+2	-1.252101E+2	1.102147E+0	4.461288E+1
1.717140E+2	1.078648E+2	-1.380000E+2	-1.268559E+2	1.087848E+0	4.461288E+1
1.723220E+2	1.108048E+2	-7.600000E+1	-1.305379E+2	5.822065E-1	4.461288E+1
1.729280E+2	1.107976E+2	-1.300000E+2	-1.305292E+2	9.959460E-1	4.461288E+1
1.735350E+2	1.107939E+2	-1.420000E+2	-1.305248E+2	1.087916E+0	4.461288E+1
1.741420E+2	1.108049E+2	-1.420000E+2	-1.305385E+2	1.087802E+0	4.461288E+1
1.747500E+2	1.107843E+2	-1.420000E+2	-1.305126E+2	1.088017E+0	4.461288E+1
1.753580E+2	1.107783E+2	-1.420000E+2	-1.305051E+2	1.088080E+0	4.461288E+1
1.759680E+2	1.107875E+2	-1.420000E+2	-1.305164E+2	1.087986E+0	4.461288E+1
1.765740E+2	1.107922E+2	-1.430000E+2	-1.305223E+2	1.095598E+0	4.461288E+1
1.771800E+2	1.107891E+2	-1.430000E+2	-1.305184E+2	1.095631E+0	4.461288E+1
1.777890E+2	1.107935E+2	-1.430000E+2	-1.305238E+2	1.095586E+0	4.461288E+1
1.783970E+2	1.107802E+2	-1.430000E+2	-1.305072E+2	1.095725E+0	4.461288E+1
1.790040E+2	1.107795E+2	-1.440000E+2	-1.305062E+2	1.103396E+0	4.461288E+1
1.796120E+2	1.107748E+2	-1.440000E+2	-1.305005E+2	1.103444E+0	4.461288E+1
